vec 90
-3.09839
-7.40445
-3.04627
-4.39467
-3.21961
-2.85909
-3.34378
-7.32083
-3.11241
-3.91685
-2.4705
-3.33808
-3.42999
-7.32195
-3.08105
-3.85651
-2.30012
-3.28952
-3.48367
-7.53292
-3.00189
-3.89641
-2.12293
-3.20763
-3.44627
-7.46497
-2.91409
-4.03045
-2.27283
-3.32701
-3.51146
-7.38054
-2.94124
-4.1251
-2.35672
-3.4233
-3.54288
-7.24184
-3.00836
-4.14306
-2.31278
-3.51868
-3.55756
-7.11341
-3.05345
-4.18728
-2.31323
-3.58559
-3.52182
-7.10249
-2.95452
-4.3094
-2.57633
-3.4839
-3.32086
-7.39537
-2.98085
-4.47965
-2.65731
-3.27962
-3.46821
-7.17757
-2.99315
-4.33313
-2.26627
-3.49029
-3.374
-7.21285
-3.03347
-4.40891
-2.64793
-3.43052
-3.5304
-7.08544
-3.03948
-4.40946
-2.46921
-3.48543
-3.53538
-7.00233
-3.05156
-4.52256
-2.35577
-3.51765
-3.52764
-6.93975
-3.08915
-4.54619
-2.2741
-3.52196
vec 90
0.67999
0.595459
0.78703
1.1452
0.506805
0.519982
0.659386
0.563762
0.696226
1.02326
0.537012
0.546999
0.640598
0.525943
0.755346
1.27737
0.483595
0.578427
0.617623
0.49937
0.817665
1.36628
0.454539
0.563202
0.75148
0.61518
1.1493
1.46392
0.49064
0.606206
0.831169
0.672604
1.56419
1.57117
0.542585
0.647687
0.890861
0.714391
1.79594
1.90026
0.638041
0.685961
0.943734
0.754882
1.88345
1.94815
0.689893
0.672237
0.99335
0.802852
2.18563
1.46333
0.779062
0.663773
0.888785
0.746921
2.46419
1.21551
0.725652
0.619429
1.13639
0.815704
2.74625
1.40333
0.922272
0.704179
0.985024
0.872519
2.4876
1.55342
1.01969
0.652762
1.2174
0.920366
2.54834
1.34722
1.16887
0.733628
1.18713
1.00313
1.62831
1.14875
1.12055
0.709914
1.11494
0.990751
1.09195
1.06187
1.09744
0.715855
