vec 90
-3.34925
-7.21623
-2.94047
-4.04887
-2.77021
-3.40466
-3.138
-7.43435
-2.92394
-4.14534
-2.87169
-3.33507
-3.23847
-7.45217
-2.84449
-4.07068
-2.87299
-3.33658
-3.33401
-7.73566
-2.79916
-3.91842
-2.64757
-3.37082
-3.49157
-7.61744
-2.75993
-3.94961
-2.51415
-3.37377
-3.54438
-7.45618
-2.78644
-4.00067
-2.42912
-3.46985
-3.67105
-7.12167
-2.89561
-4.10004
-2.40501
-3.57163
-3.64142
-6.98943
-2.89222
-4.22968
-2.31846
-3.71084
-3.54115
-6.975
-2.91254
-4.29685
-2.32897
-3.77242
-3.5434
-7.14278
-2.87408
-4.38482
-2.28584
-3.62709
-3.55643
-7.0873
-2.89256
-4.35023
-2.32172
-3.65681
-3.58293
-7.02464
-2.9241
-4.29933
-2.35039
-3.67946
-3.56761
-6.9127
-2.93454
-4.41185
-2.3117
-3.68467
-3.5198
-6.85411
-2.94358
-4.59524
-2.25885
-3.65574
-3.44584
-6.82018
-3.06042
-4.60731
-2.22079
-3.66068
vec 90
0.808905
0.663611
0.884603
1.23301
0.566742
0.605393
0.605835
0.545767
0.656646
0.953171
0.466459
0.521963
0.637859
0.531195
0.729744
1.12613
0.449953
0.578306
0.654131
0.532567
0.857221
1.52414
0.45576
0.605057
0.763672
0.598963
1.18133
1.53955
0.478467
0.656634
0.808674
0.672703
1.52978
1.57847
0.518238
0.692491
0.863312
0.795791
1.94128
1.7431
0.610054
0.731024
0.853194
0.805318
2.09789
1.48516
0.640949
0.691174
0.980445
0.854541
2.27307
1.31054
0.739144
0.707952
1.00372
0.80335
2.58025
1.20056
0.771117
0.689405
1.02362
0.870739
2.52388
1.29472
0.873283
0.742836
1.08698
0.955972
2.8839
1.52117
1.03595
0.765504
1.11428
1.0414
2.0546
1.15887
1.07263
0.775512
1.12997
1.01042
1.2661
0.960657
1.04488
0.744737
1.1249
1.05238
0.911437
0.94762
1.06705
0.742137
